1983
3201
4437
7453
6864
5208
9989
6531
7496
1057
6549
5760
5848
1443
6829
7378
2947
7603
6285
4229
3811
2068
7108
4926
5207
2895
7254
9594
6093
6423
1207
7263
563
1928
1011
955
9464
7957
5276
1525
5750
5697
7571
8228
754
2031
3917
1338
4063
1186
8250
4871
3612
4858
1318
7463
4061
2957
6386
11
1262
7459
3012
860
9676
3172
2703
4465
50
8745
6688
1423
1989
8674
904
1791
6879
4422
2859
268
1083
3441
8539
726
5506
4240
3747
7763
2401
3532
8483
1777
7886
9401
2236
4285
9356
5555
7978
2330
4946
75
8572
5054
4086
1615
8643
2085
2678
9133
8388
2879
5966
1938
849
7550
2378
3466
3177
4260
8208
7018
200
1696
8336
2691
3717
4467
862
4049
6735
1261
4035
9092
6877
371
9112
8102
1923
7834
9338
4009
691
5597
4254
7686
6478
8640
7321
9980
384
2406
3163
4456
1043
7226
6850
2896
217
9009
8053
8879
7330
5397
3898
1176
9100
5190
7005
6372
1010
2339
8364
5055
4301
1916
4068
694
8248
6780
6789
5972
7750
461
95
83
3337
1286
7031
9718
7428
3757
8027
7055
5995
8258
8678
747
4153
2767
5497
3896
8996
2824
8677
6139
5371
5092
7339
9474
359
2205
117
3688
5103
3802
619
2854
1900
6490
3369
2845
898
9383
9661
365
3121
3751
2592
8095
2626
2794
8526
7588
4196
3758
3849
3404
3901
1465
9002
9612
1447
4144
2304
2204
6343
6496
8473
1765
2158
9224
5721
1385
7908
4098
6893
5532
8705
8211
1224
8991
9660
112
4781
9233
7760
6771
2776
2870
9332
9311
1656
1271
8912
3131
8051
882
3252
4466
79
1918
3951
7585
1940
7524
6323
1113
8792
7754
7849
9365
3262
5917
7740
5858
2555
9032
5847
3393
3491
2517
6575
8913
523
2636
8974
6777
8094
2815
7861
9433
2015
2016
9821
1095
1568
7056
141
7715
2788
2930
7079
3182
8604
6206
4588
5503
3848
3623
385
3101
3365
2929
9846
9241
6039
4446
8383
160
7173
648
9965
7047
531
6931
3958
8015
6098
7878
386
317
3875
6202
1500
9778
702
5793
8963
4837
4990
8131
1653
5448
9492
7475
3702
6282
9445
9131
7154
6329
767
3258
6312
8940
5470
1253
6572
8479
6604
3037
6443
8256
3039
4232
9743
7287
3695
7251
5724
4598
5592
8516
113
9087
7498
7667
2624
286
2893
4413
8398
8995
7437
697
8986
7410
5298
1125
4829
7446
3399
7441
805
3524
7380
4961
9694
9182
3333
5745
312
7748
7338
7169
7222
396
4879
4411
4060
9312
7688
774
1687
3909
3726
3197
8887
9959
8565
5493
5640
6498
2941
3501
1671
9596
6606
9533
380
2315
1726
6240
9665
64
5412
2715
9697
9139
8422
9557
346
9641
7925
934
7930
1062
8158
718
8756
8285
4510
336
9653
7489
8292
6911
5791
5840
3482
9930
7217
421
8581
3470
9976
1152
9294
6919
6336
6138
5093
8437
5612
6525
3362
6539
7645
3718
9105
1216
5635
5646
8090
1132
3793
2167
7672
5120
9481
1674
8225
9163
3835
355
8807
2185
188
8282
3944
6753
2179
1630
3054
8390
6374
6939
2768
6632
7563
3840
2943
4435
560
5231
9469
6660
3913
4591
2924
3528
6715
1524
5587
72
7157
1642
6171
8923
4735
4046
3724
8025
442
5570
5012
8726
6650
7022
8848
1470
162
7345
8049
7285
505
6980
5154
2248
2599
6276
1073
8298
641
9975
8198
6618
9352
9977
8944
7385
4019
3240
7854
8295
869
4748
3865
2011
3268
1729
5339
93
376
5332
8330
3435
5566
493
6899
67
2323
6280
472
3526
6886
4718
7803
392
6916
2800
3317
6145
7494
4811
1014
5837
8790
7950
5324
2872
5489
5798
5186
8566
4299
2620
6969
4555
8962
5022
900
4298
616
2064
9261
5285
6454
3952
1159
9545
9952
9794
5017
4525
4882
2698
3507
8717
4495
4970
1463
60
867
8151
6803
801
2642
1504
8904
5922
2107
6297
832
8827
784
6368
9648
232
7857
958
3905
2935
3497
4747
5857
3347
154
1402
1914
2627
391
2812
4808
9397
7431
9861
4948
8602
3549
2453
239
4653
3589
8638
3720
9551
9835
7286
9706
9262
4646
7704
8030
7644
7068
6011
4190
4242
7112
6729
1153
9236
979
6658
921
9553
5269
6676
8011
2286
8884
1665
5779
3821
1544
8716
8949
4965
2244
8396
3130
5205
342
1229
657
3467
6925
5122
7218
842
3629
9063
3935
4113
7375
1345
1068
2696
8709
6648
1651
1855
5171
6699
1442
1323
6694
9173
1429
9863
4213
5619
8871
4561
9111
153
795
5938
7684
9364
2176
6484
2125
9881
8009
5040
6894
3227
939
6843
4522
1150
9862
4378
7012
4853
227
4295
6048
7230
4739
1005
1686
2665
7797
8710
7493
3894
1371
9942
3827
1763
2474
3309
3733
6437
2021
5564
3049
9522
2272
9910
1435
6472
2839
6301
8174
708
5134
5141
6419
4406
9829
7630
3477
6040
9081
6303
732
6986
9722
9783
2360
5220
9860
7147
3565
9610
1066
5899
9300
7631
6821
2764
1847
7723
1375
9472
2672
1581
4640
89
482
9440
6045
4410
9853
9402
522
19
688
8636
7054
7281
3846
8914
7042
3748
5955
1144
6548
6197
3739
7116
8600
8045
2629
8329
3687
9400
1122
8872
8541
297
2114
2916
6216
4094
2371
511
8741
806
4566
3919
8983
2034
9686
8088
944
9899
2265
912
1780
1088
2967
568
600
9014
3388
6459
7689
8542
3816
4011
3776
6076
5184
5948
2974
2906
4453
9288
8876
893
5722
3886
5328
6194
725
541
8505
2664
8379
1854
6687
990
4186
5015
2832
5548
6269
2804
903
6296
3715
6628
6902
794
120
7871
3991
3005
9157
7935
5923
1244
2499
7939
3546
2821
9205
367
4722
9170
2262
4149
9082
4978
6394
2455
8506
2990
1347
4316
7377
4553
8738
6143
7850
3861
9064
7328
909
4985
6976
3576
4557
85
8826
9040
238
474
5839
9137
571
489
3962
2037
4287
3633
2505
5232
2565
8696
3843
2782
2622
1910
4964
3325
8245
1049
8272
6183
3616
7477
3513
5486
4042
1858
9257
2940
2281
1164
8933
8551
6889
2350
723
2081
6339
7229
4441
8734
6839
5297
6873
5677
4438
9844
8832
3349
9391
5437
3115
3854
7965
836
5952
5487
9527
1400
7032
9278
677
610
5185
9000
692
2055
3732
7531
314
2260
8791
1753
664
7368
9908
9764
6000
5739
9269
978
6320
170
3460
521
8082
6328
7224
3669
3414
2151
1885
3134
783
7926
751
3445
8915
8659
3672
993
1196
1478
4266
425
7024
138
611
3559
1617
3001
9324
7576
639
3772
8028
1913
8695
9423
1794
5805
2470
5175
3697
7415
6150
6767
1219
3933
3418
4812
4055
8654
5071
6126
830
6161
4700
8955
6465
787
9953
690
9287
6203
8257
9280
8320
6977
7411
38
7137
8739
3410
4571
6600
8018
7001
9046
2496
9852
4036
6262
9220
3897
121
7671
8613
2241
7398
780
8089
6852
925
9672
5517
5823
4532
1573
7361
6784
5172
6103
7701
8019
7271
3525
5302
5150
7062
4870
841
3833
3988
7145
4318
9197
9048
8965
9855
494
2373
6482
7997
5408
4944
5315
3119
3918
8774
4513
9775
8727
6260
9026
6910
1769
9766
9208
8376
7282
4135
9271
8481
7566
4171
5450
31
5686
4429
5084
8700
858
7956
5943
0
3314
1310
5660
8730
8966
6643
6268
4966
7900
5478
1416
4147
4288
9455
3081
1161
9580
3653
9762
8249
4097
1588
1796
4037
2397
5286
2112
8074
2101
8431
5910
3371
9713
235
8822
8136
6655
4194
7122
9030
2965
9091
4227
5727
8819
4107
3957
1192
1037
8283
2823
6545
7252
8997
9043
8127
3071
204
6926
752
4953
5989
9254
6205
4568
9354
1771
7514
1831
4962
2422
1790
9207
9259
8201
2172
3489
6617
6561
8938
2621
4782
6215
3736
2182
738
2874
5782
4029
1784
5452
9632
1743
4490
9870
8783
3167
1884
8459
6406
5655
1785
9703
7174
414
5289
2524
789
9316
6731
6924
7575
6382
6630
399
7858
9447
1945
2688
6393
5634
647
6744
5983
7164
7879
2779
4326
1663
8163
3887
3871
8628
5590
9864
6355
7993
6074
174
7873
7919
1637
2646
1599
4479
5376
4764
3032
9123
3841
8762
2600
8990
9978
2890
4263
4514
8032
8246
997
5359
3210
1420
3636
3752
7357
6331
2148
4132
3061
4504
9185
6235
5836
5228
4433
5965
9753
3529
1135
614
5301
9592
8931
4616
6234
5838
5661
2656
6875
1112
9439
5050
6451
8653
7557
1495
5463
7336
6521
847
6237
9900
7076
8207
6649
6719
2059
895
5968
4696
5667
5565
9990
2188
9307
8026
824
9820
8488
8853
4148
4502
9572
920
6060
8407
6351
6769
3015
3334
1341
8781
1871
7086
7824
2742
4354
7302
53
5107
262
3019
1920
9424
6509
9071
5465
2783
16
8491
1052
2459
4607
1473
4601
318
2186
6492
5258
915
8240
4904
9161
5800
6713
1222
9069
7149
3486
9921
6390
2408
5507
9441
2628
4945
1551
8275
1531
1330
6645
9246
6999
1322
6951
3356
9493
1370
2650
7940
8631
315
5472
1893
5256
8297
6162
5928
2133
9599
8570
4709
2403
2413
5833
2575
1218
5446
9465
1290
4599
9901
643
3447
6512
3031
6620
2102
2567
1282
5106
5001
6544
3599
9273
28
2335
8038
328
8703
7212
88
2692
1121
9217
2174
459
8461
9867
2063
8816
8289
8926
5802
8069
994
5577
8409
9149
20
436
6569
1205
5094
6082
3359
2060
2615
2243
971
3968
3278
2504
2757
4138
7098
4919
9116
3641
8642
3891
6190
4082
5219
1776
9072
3490
1265
3754
1627
819
9289
9826
8441
5199
4109
7029
740
5419
8507
1221
6590
5732
602
7319
7962
9605
3681
2375
2769
1714
5571
5940
5789
7549
4389
2606
6584
4849
5916
2283
9031
3160
2311
1633
7077
3837
6366
1883
3755
9244
9668
2230
8044
2500
8357
7094
3368
3950
7508
1077
4228
3074
3374
7904
5368
721
8540
1349
4000
5872
4338
2786
6952
6514
6398
9526
5213
9815
673
7706
7805
4073
1045
9957
8499
9135
2351
2641
640
2806
6855
1212
8493
2913
6595
3617
6308
4079
3241
4045
6059
6905
3018
6710
6768
1529
8597
2838
7746
9917
9065
5700
5277
9367
6421
2663
184
9927
3238
7793
5861
3677
8611
4203
4140
6857
1252
9679
13
1461
5356
4629
1772
9723
3327
6231
5420
5400
574
2302
4608
7538
6659
7138
5963
8522
4065
5691
1391
8129
5620
8687
65
3693
3634
951
3185
5868
3133
2972
4010
5887
8355
5396
9322
5860
1488
9971
339
9355
6417
1887
3910
6032
3818
4573
3607
1987
3065
3282
5939
156
2750
1424
7506
1109
3649
6226
1431
4152
7928
8021
9471
8907
9194
529
2117
2387
9344
9789
8242
2761
1354
8254
5673
1958
7327
410
6409
8372
7582
6470
3181
7532
9152
4391
4813
4823
9994
3626
1688
5525
1275
2046
2305
948
5915
2671
2503
7883
4185
8606
7977
5211
6728
7755
6510
6966
3735
5913
2338
501
340
6266
1837
7078
4418
9962
1240
4294
7876
8438
9903
797
7739
768
6929
3545
7000
5851
2537
3788
1231
1806
9255
7269
658
7664
1991
6624
5018
5381
5741
4341
7776
2370
2
7394
3531
6236
7260
7473
6954
625
9803
358
5889
1472
1378
8007
3099
190
7975
3345
2124
4750
6036
7396
1585
7247
1874
6294
4816
3003
6554
1580
3191
2950
8454
7705
8567
7967
7568
3817
6981
8825
5976
5790
8247
3990
8537
1479
3674
7988
9094
8120
9569
5495
3017
409
642
649
2681
5378
1997
8758
8187
2770
2880
3603
2900
6906
7241
6598
3412
8142
2922
7678
9741
1559
6553
3673
1111
2483
5204
411
3072
9656
4661
1801
8132
1047
1413
1091
1241
497
1149
2411
4590
9922
3224
6612
5307
9438
3551
6395
8773
56
593
8612
9771
8761
4552
9282
2206
8411
8056
8782
1117
2164
4452
3213
6949
1798
5077
3006
2577
1477
6043
264
51
4256
4876
4737
3091
7915
9793
9607
370
5164
4314
2256
8413
2263
4880
4801
5501
6324
2598
4820
4991
146
4319
4346
6186
547
7783
5762
5881
3976
654
402
8067
9073
3652
419
2027
4067
5444
6522
2676
7168
4328
5711
3656
8564
4721
9006
106
319
1902
4417
7647
5129
3008
3593
7388
8851
7311
41
3660
6933
9420
1518
9250
2917
6299
4023
4
3026
6136
8661
1646
8326
1857
6135
115
5630
8686
6027
2844
5275
9412
4038
5002
1978
1353
1309
646
9704
6243
5348
9290
2791
4407
7466
7430
3658
1620
9934
10000
6330
322
7455
5827
1372
6201
6737
2882
7427
9010
2238
4519
4727
1315
592
3585
6550
3165
5477
3043
9737
2774
1909
1170
4108
2759
8080
7699
1865
1266
9328
2223
8877
606
6858
8144
4252
9044
6356
2719
5742
1041
8181
330
5594
1325
5500
609
1103
5360
3434
1869
6876
4701
3422
1002
3987
1990
7932
1020
1055
2154
7710
1844
9380
5537
5755
595
1986
6619
2497
7934
7757
7709
4667
3189
4001
3137
4971
250
3789
5877
4535
5906
8560
446
2441
4778
9510
4927
4977
7119
7535
1025
1872
2747
6006
357
4547
6493
1143
4691
1151
4984
8633
8105
4981
4451
7594
6703
9050
3795
2104
5144
9444
9992
4772
6305
2736
5116
2843
201
247
4223
4436
3420
2987
6486
1063
4402
4356
4684
2258
9958
8881
8528
2867
1314
1956
1917
6993
6207
5895
3022
3023
1124
7542
9108
1682
4129
9083
6474
6577
2171
6845
7698
8577
5282
5761
820
1230
3080
4207
9415
7136
7726
4754
8371
8701
2284
2266
4052
242
4678
418
8161
7625
3446
3111
7010
6707
9206
4408
9168
137
4824
1422
8057
456
6786
4349
2361
2578
4741
4268
499
7840
3295
5522
4753
3900
1934
4102
7795
6570
3916
9732
3934
2416
1952
6741
6881
3100
6642
6601
7011
6950
5193
7129
4309
4243
7471
9961
1835
6384
6178
5379
8650
3676
1590
3558
5763
6990
5770
7278
2527
7758
1660
2008
2025
9249
539
7474
5325
2737
1565
4091
4494
8118
1056
8333
2988
8683
7065
4783
148
6172
9974
739
2752
525
2931
8288
1187
1298
5541
7546
7815
8899
3568
5775
2135
7969
5033
3203
3465
2442
3298
9623
6665
32
5253
760
8424
8463
6107
4949
5771
7372
4089
9575
368
5483
4594
8746
7916
7731
786
5212
9827
3092
1351
8629
5386
7822
9756
2471
6013
8750
4597
6176
4972
7595
812
6289
6413
3819
2142
161
8796
4416
3974
7901
3272
4208
6014
3103
7943
375
3363
7788
5589
7949
3512
3424
3602
5623
5676
3578
1412
630
3397
2134
8863
3007
6867
4861
7617
6673
8429
1640
3264
4137
6837
4330
8356
4791
6712
5404
7401
8799
6820
1904
8392
8455
4814
9426
7228
5034
4493
2630
7648
4375
4111
3847
1655
561
1437
6787
4020
127
4831
7007
2460
7620
3769
1552
2194
1849
8125
6540
2623
6955
4692
1172
9047
2899
7397
5058
4994
8891
1364
6756
976
9314
4584
168
5158
3339
7160
6046
9611
6361
2070
4676
1458
1681
2032
703
8568
644
3915
9682
9915
7729
3270
5210
1054
863
5167
8041
7621
100
5810
538
4177
1365
2044
587
180
8165
1503
7559
4766
772
6922
4040
2156
5583
8306
8299
7196
9904
5188
6223
3782
5723
8013
9166
7643
4592
2138
5227
5801
2841
1387
241
5918
6137
9305
8462
5000
2389
3600
2450
9538
298
6062
2595
8837
764
7800
9491
7681
8472
7165
1602
7893
8929
3016
8315
7791
2946
4484
5853
341
9477
2744
496
3403
3375
3980
5546
433
9396
2150
4300
8286
7107
4095
1878
8139
7337
2912
54
8787
5562
700
5882
5649
9295
2545
9643
3204
5247
8690
3798
5109
5550
5479
3088
2282
1022
5957
2320
3679
4311
803
9476
3723
4332
6354
8213
6239
6487
3945
3481
6341
1634
6302
516
2861
2673
6096
9836
8037
9581
672
9825
6740
8978
6834
6988
7816
8693
1175
5442
7386
3407
8004
8968
675
3487
4426
5361
4090
1394
2357
3279
8582
9179
6752
6513
8671
6113
288
6870
5480
7570
3785
6814
5986
8394
5709
6445
6041
9188
7899
3038
7235
1817
4051
3400
6270
5731
9701
9272
5072
4239
2707
1526
4759
4589
1313
481
4112
6984
9446
3105
4830
5908
8803
7081
8224
9363
4716
6718
3208
8243
9221
4797
99
6989
3228
6672
4333
1078
6489
8785
3994
8492
4205
7660
348
9691
2746
4669
3246
9017
9015
5090
4041
9187
6657
4969
183
3143
6033
2754
1906
4527
9797
5225
360
3661
8766
6697
3971
8106
7290
6274
3923
4237
2108
9042
6167
6686
2017
1727
444
7541
5743
6272
5756
7851
6217
2366
742
3463
2728
7768
4663
4563
8828
9235
6772
5971
9199
4348
1721
3808
9692
1046
3174
6165
8882
2050
9299
1194
1842
6360
3708
2484
2326
2226
119
2535
1662
3093
3456
2556
6359
7786
4664
4730
5578
1362
9759
7048
9761
35
4997
6781
3610
6609
3041
7283
8134
5272
9673
1750
9132
6121
135
9421
1084
254
1234
8457
1731
8538
8673
7127
6591
4649
7744
4968
4776
6998
6200
7764
5961
1788
4166
6494
2982
7043
5684
3637
2424
5098
9562
9189
7272
1629
8116
706
1540
9734
8679
4873
8222
5020
9755
6937
1003
3151
582
5362
8556
9573
3591
6793
8308
3357
3366
9362
4795
8344
6874
8237
3705
1291
4188
5004
3389
5544
5914
9252
3956
1406
7208
5449
2415
3225
1701
5926
5019
7416
5203
1483
4726
6646
9036
2405
9033
8511
6627
2166
1673
5355
6819
621
8055
5804
304
922
4581
1352
5783
7423
1895
9341
4611
2340
8087
1962
4345
5854
8260
8557
8130
1293
2094
4884
9646
7623
3779
7819
1730
546
8039
4901
7197
4075
6965
1024
9035
9727
5813
1554
4002
1136
2074
6662
636
1678
629
3806
462
7243
2120
9390
1521
1038
923
2222
6415
5513
9302
3402
1584
9334
8448
5209
3234
3380
2293
3939
5065
8921
5728
4799
7720
9478
9946
8670
8740
3106
1879
2939
5115
9742
5648
1968
5087
8534
5795
219
6751
6815
7124
7276
5367
281
5063
8552
3195
1028
9873
5530
8206
4226
8951
3620
9482
7593
8508
8733
1919
2971
8864
8450
6102
5421
2807
7859
5432
1179
7682
9361
7358
8747
1276
5363
8823
8712
2670
5160
6856
3680
4126
6830
4476
8708
266
458
8777
2432
373
5752
712
237
3322
8985
6817
7374
2539
7756
2217
6455
6
9856
6318
9181
5776
4105
9003
1280
7118
5403
3063
9912
4077
9075
8753
8930
349
3112
3858
6264
4603
9600
3619
7954
2850
7101
4802
4315
8550
5613
274
3665
1881
2417
6943
3277
7030
9943
2494
6100
294
7340
4637
6125
4464
2589
5010
7961
7503
1393
1079
9405
3878
8952
3601
4360
9184
4675
4431
6758
5111
6099
114
354
1866
793
4903
828
6081
5224
3079
4271
8555
7544
2356
4794
7555
5082
7696
8302
6847
8290
4071
2419
8377
6764
9857
7469
850
3657
5618
1193
2252
3377
3522
9788
2579
4715
3483
3709
1505
3415
9270
6108
3937
798
9501
417
3275
1949
2028
3938
6615
6761
2251
2875
4980
4796
8894
4668
8831
3743
1289
7210
4851
1089
2712
3508
3332
5434
4462
3468
2964
6104
4062
311
945
6404
8449
1797
8854
4368
5476
4409
2951
5068
4175
6376
3096
109
6811
9277
6865
9987
335
865
2937
3135
4432
7369
4798
4897
8205
5561
9251
5418
8579
4236
2383
4934
5238
7433
7741
9388
4866
4954
9453
6535
6380
7191
5929
3493
9268
3699
1145
1734
3606
5047
8627
1639
3485
9982
9583
3223
8779
9645
3221
9389
733
9403
2067
8062
3622
1245
1970
4940
3057
3471
1610
5121
2480
7419
374
5422
8175
3457
6432
6878
3907
1401
6334
6639
8895
7982
7547
4860
4604
2549
7999
171
735
5192
877
104
5991
527
9303
3706
2077
8368
107
2772
7111
9318
4864
2644
9503
178
324
5248
6895
2840
1586
5969
2534
5424
1947
5803
9981
4184
4202
9126
2509
2811
3985
1134
2679
1703
6701
5157
2831
3218
1712
1007
4695
1836
62
5958
6903
309
5717
5588
4425
2903
7554
4485
9535
3563
3083
3021
918
5409
2828
947
4693
7148
5816
3948
2427
5645
2738
3627
9823
6964
2569
9843
463
9530
1692
5215
7479
6227
9450
426
4280
7306
7204
7131
7558
3597
8984
1021
8487
6682
4275
7367
769
3815
1017
6079
7787
400
6846
7329
8801
2407
3615
6405
8064
8916
8012
3867
5533
9359
4587
8218
5322
3494
4395
4719
7553
9398
3342
8000
3318
9905
8202
3469
5402
432
8844
9830
7472
4199
3830
9013
4906
7288
6389
4628
5037
2723
8023
9198
5712
7115
8775
9559
1343
7359
6795
4605
9060
9798
9848
5067
2287
2889
9148
3614
39
6221
9505
4496
3011
3173
1764
1466
1439
5354
1197
4609
406
3215
9638
2616
9547
6141
4282
2574
7669
6979
3122
8504
2540
8936
3260
5515
2365
7843
6974
2449
7995
1328
5133
8793
3047
1202
4292
2813
2994
7810
6991
8412
280
2312
852
3824
5262
2720
9191
2876
2193
5353
9606
2279
2331
766
166
6709
6982
7836
5066
2191
9955
5313
1515
1623
937
6332
6002
4955
5460
9041
3214
6532
3675
8852
1820
8017
5601
7856
7175
811
5865
9442
2830
2487
9785
3425
4491
9313
9710
6647
1177
2608
2927
4324
7305
8293
7780
4027
6080
8496
594
2709
6822
7774
302
1201
5524
9016
6479
931
5982
8200
4769
6214
9695
7300
7511
5526
6410
6396
4361
7641
5491
3644
131
7653
9267
8093
4145
4099
2980
8048
8223
3338
2866
3943
5984
7606
5441
7093
9399
4325
5099
8824
8842
1474
2249
9371
2332
8616
2660
4908
9614
9814
6765
3866
1178
1434
7346
8086
2255
1126
4633
5626
9795
9281
5879
954
755
9404
9998
8553
3328
8251
9621
6749
3730
5999
7657
854
5245
2961
2945
495
9687
2625
4127
9577
2661
1564
5632
3588
4430
424
8988
4076
3961
457
3198
514
3728
48
8937
5364
2611
8664
2479
1828
7752
1830
1398
5600
1770
7215
1459
7002
4656
5580
9996
9708
9520
1955
1376
8389
3960
7727
6174
6763
1736
8608
671
1181
4059
3416
6625
4279
14
5505
1561
6530
4740
3236
7200
668
6840
2834
3002
1085
2793
8742
6238
5140
6836
9913
8391
2809
2833
7412
5873
1255
2039
8498
2393
5268
2905
4158
3778
4732
1497
9425
6674
9475
3261
9604
234
3383
1360
7259
9431
5031
3180
4372
6596
7762
1626
6189
6825
2907
927
7591
1975
9357
1715
4763
3541
8173
7435
6871
9833
295
4087
6835
3883
5615
142
3308
5688
720
8309
2310
5196
130
4434
9617
147
910
4383
4742
7974
9222
7782
2610
10
7044
6452
9329
7814
9536
3584
1312
4682
984
6271
8186
4725
7134
3791
2944
9799
6031
9231
8126
1795
3746
2152
7037
8586
4979
3767
5875
1591
2333
7209
8843
9534
5759
5439
8212
4819
5410
5529
8063
3437
7391
2693
3336
8233
7395
829
4520
3734
8050
6008
4731
6938
8425
4846
3829
3129
2508
5993
578
7670
6891
7464
404
440
5119
4723
9395
810
320
627
2514
1501
2232
4688
1335
5226
3373
321
5299
9891
427
9779
9696
7120
1560
2121
9588
9890
4619
1575
5142
8236
265
7759
9122
6156
9084
2132
2271
1414
848
5346
2314
7676
3780
4827
1361
6446
2819
6457
6364
4344
447
995
5950
3459
2790
4752
4865
3800
1419
1853
1654
9101
6987
5035
8140
4310
3932
3148
7318
4883
6637
4500
7109
9248
4222
5765
524
6681
782
6288
9045
2143
1000
6012
3086
3286
460
1924
6144
9951
6232
9500
450
2359
4996
3762
9637
8919
3305
7408
9327
1093
4900
5904
9118
6720
4933
407
6019
2645
8573
3710
8722
9677
7189
581
3920
8546
5052
3554
6692
8598
9983
7578
169
3408
2814
9979
4832
7948
259
3358
7567
1829
1738
7714
1438
6225
8214
175
6363
4847
8280
4492
6985
7989
3050
2149
4304
1813
623
3505
1141
9966
575
5867
3561
7565
5370
9747
6199
9796
2518
5029
2775
2247
1927
8183
4920
5252
844
9449
3783
9029
7539
7652
4910
2810
8800
550
9172
5699
1425
9995
6641
9652
9657
526
3116
7769
2187
1601
1606
6959
6212
7887
1306
8268
2739
9085
5665
9129
6723
6037
1184
4907
6310
9228
2758
2780
3764
5846
7931
3759
7890
6157
2489
5933
6592
5602
5720
3289
4505
6073
1031
2829
7598
9770
8184
6516
8373
134
5821
2195
9595
4374
4400
6534
4104
111
8869
6994
8531
7182
7690
2024
3813
7014
4124
8578
4347
9136
8149
5947
1388
8347
7572
8609
6089
8874
7023
4176
3517
337
2168
1600
2591
518
3805
8266
1555
8385
4549
569
5679
833
935
2686
5217
139
291
2887
1292
9768
5358
1486
3089
5485
9304
5046
5216
8841
5841
4622
7855
1783
651
6220
197
4404
7789
4141
1959
6381
1882
5664
5780
3255
7820
5715
3030
8216
3202
1977
1677
5757
3242
1087
2000
7135
3229
8752
467
4833
352
6169
5414
6644
1050
9822
7998
1996
6685
8464
6003
5582
6725
7972
6755
8185
9790
1239
7363
9409
988
8065
8603
5349
195
9950
7402
916
8296
684
2353
1295
3839
3084
8946
9345
2490
1243
9253
4909
4262
3646
977
7917
6734
1042
7504
7823
2162
5097
2344
4313
8544
3929
5413
4840
9539
2123
2030
4114
7344
9699
9555
4507
4167
5567
3287
4499
3346
6397
8047
9746
7413
8416
8366
5490
4121
8634
2045
2297
3077
4762
1082
5393
8503
7749
8794
9275
3535
7317
3729
4169
5459
983
5270
1538
9877
9144
3925
9443
1549
2925
7497
1139
2464
3153
6403
1367
6732
7830
3013
566
1604
7442
5236
1838
6745
8982
876
4784
6757
7403
7170
6044
4967
5174
645
7405
4475
3010
7424
2820
2755
1550
9949
1995
7458
5401
4329
6626
7659
1053
6581
5377
6038
1757
6971
6022
4652
8856
7831
1268
4174
9780
3741
3120
476
4666
6661
667
1848
1204
3567
8932
123
791
9754
5202
509
2035
9883
9970
4536
9437
1331
9851
1065
4877
891
90
9377
7592
8291
101
7580
987
7673
655
7933
4577
8193
3689
165
9497
714
665
6704
2433
9871
6774
1457
3770
6179
8885
7732
7548
5008
9939
1468
3155
9702
992
42
1382
2683
4999
6862
2558
9542
8490
6233
5085
3810
532
3168
7897
4017
8786
2448
3175
548
5283
325
7323
7963
4562
5817
2713
483
7881
7490
4575
7177
4885
4807
159
5032
4483
9620
1950
5832
8769
3226
5987
7334
3149
6475
6915
9840
6828
4261
6812
8137
7510
1090
2694
6488
3954
6261
7679
6314
7866
689
6094
8970
1440
2137
1775
7959
1304
4181
9146
7721
8811
1283
5311
9379
2301
1381
5925
6805
8839
4930
1499
8757
7289
1044
5003
7360
8061
1380
2099
8665
2475
7331
7938
8096
4115
9342
2732
9782
5716
2240
7443
7668
5319
3873
1965
2337
7219
8435
9067
8447
2572
7761
1546
3326
6422
2173
3114
834
2078
6851
4277
3860
4399
3986
3928
8209
211
3253
1110
4506
1513
3284
7256
8442
4393
6287
7373
7425
1648
1636
7461
5523
7632
1792
4550
6159
6743
3538
745
517
1019
6097
607
8954
1541
2071
6738
536
9590
6948
275
5382
4353
1200
9466
3417
6796
4133
7577
3257
1768
6773
6072
212
2808
5345
8548
763
2274
4736
8367
2295
3671
8112
3630
4461
4039
2481
9920
9293
2700
203
4862
2418
9004
2022
5605
8107
3401
9204
2566
4746
4178
5240
8977
7636
7492
5510
7491
8403
7307
4269
4455
1237
1264
5230
2730
4179
2155
8845
8655
975
33
3638
8188
8154
9749
6844
8277
2936
9325
5123
1723
8179
7724
8857
4363
7153
2096
1823
3300
2548
4251
8337
8103
7958
2146
8890
6551
7528
963
8406
3992
6586
1257
3496
504
1699
5461
2996
3288
5901
4756
485
2773
3316
7607
2563
7406
7206
2892
2073
6558
8648
7016
5864
228
9452
2321
2220
6042
6800
542
1815
6861
6461
6788
7520
8530
3872
5023
6693
7457
7100
6573
3832
7536
289
2458
4893
4028
622
956
5753
343
9644
9831
1180
3711
8669
515
8514
2327
3480
4014
394
8046
389
1530
8113
1060
4556
4707
6907
7601
1445
7035
9077
8571
8301
7903
8313
7381
8569
6594
4303
4473
7141
8322
2601
3552
3170
7476
709
7920
3876
7646
1281
6028
6792
3009
9669
2231
5016
6346
6438
2018
9018
2909
5767
428
1708
9382
7382
3698
7700
1133
6775
1747
3820
4643
5787
8802
9518
2734
2392
6505
8778
3432
8071
8765
2437
7370
4793
7966
8078
7813
5625
4307
3562
58
9155
287
2200
5627
1782
4963
3212
9331
7106
7848
7992
2526
9613
2989
4714
5921
9926
4206
9223
5155
1807
469
4834
6471
9407
1742
4146
6714
2877
7827
3429
9096
8395
7842
7171
1922
6679
8920
9301
8583
8156
1948
6804
5369
3251
1247
4537
6292
5198
7264
7911
7364
1751
4654
7718
9634
1739
8166
2523
2362
7439
2520
7214
4078
8892
6228
3774
283
6651
8361
8460
1966
3640
103
1173
6051
2372
6340
6412
9090
8327
9347
8465
2276
9076
3331
5842
6114
6388
3069
5809
1006
5652
6370
2837
598
3046
8341
881
982
5176
448
9245
3931
4421
4734
4297
2506
1189
9914
5636
1697
3581
2269
8729
2796
240
8369
1756
3911
6887
5260
305
4567
7512
962
9809
4351
5560
4250
3104
5173
4544
1140
47
4809
3000
7946
3413
276
724
8002
5233
220
8668
3190
3051
4651
4993
3511
6690
4935
605
6083
3647
800
5949
492
5288
4617
7953
556
886
1905
4123
4403
1981
5689
192
857
3852
4503
5585
1506
441
3127
8469
9730
4729
5696
1319
6698
3263
8133
1359
1693
1644
6142
3140
8999
8525
4209
3879
3454
2160
8850
6559
9800
7680
2619
710
7877
6721
5866
3452
9020
5473
1348
3542
7832
8031
4689
2463
5291
2763
6776
713
9616
8797
3881
2126
728
5049
5451
377
2486
1163
7743
4056
9150
9283
1389
1496
8316
3509
2127
2429
3324
1661
5372
1821
9714
6762
5048
5878
1013
1357
1009
5617
5751
5907
2766
4805
7844
8310
5558
272
6055
3440
290
5574
4606
1308
3823
1279
4225
5898
7304
9880
2177
8780
549
4469
3391
6249
4826
8776
7316
2328
5280
7898
3024
6133
3370
5687
8735
475
7025
6552
473
3360
3027
260
4530
4405
9512
8147
5579
4323
9058
4986
5862
2296
7687
301
5169
6448
215
1746
8622
3132
7986
3199
8836
1520
6526
292
7703
8513
564
8646
831
7275
553
2329
3064
2398
3029
2928
334
8300
5426
7488
1475
7384
3398
4083
3544
6547
7865
952
398
9944
3790
9828
6350
3864
7804
7936
843
9757
953
9629
1390
8635
2586
6833
1035
5076
1191
6556
4658
9019
7666
9180
2048
765
1223
4780
8861
9548
7613
5024
5352
8610
8128
2488
7008
717
3744
7835
9012
1583
4340
5411
6084
7551
5675
3222
7784
6147
1964
917
454
3231
4343
1254
4270
4003
5005
3056
9735
1762
1270
9651
5166
2299
6827
5557
9719
5305
255
6290
9630
4142
8619
9997
6671
941
748
5735
9898
5593
2275
6529
1227
2795
9655
3068
5835
5128
6973
1016
2005
2852
9007
8252
5165
9650
2343
7091
7333
1733
6750
2454
2797
8621
2860
9675
7343
1199
2680
9165
2553
2648
7634
4359
7389
8563
583
5168
5518
8456
5974
3924
6286
5274
3822
9210
771
9839
3476
4070
601
4642
9317
9558
1980
1773
9263
5568
6511
670
8922
369
9062
8141
659
7438
9508
5391
5387
9125
4117
761
9151
5261
8935
6538
8594
901
186
3930
1097
1464
530
6823
329
303
7072
7102
9529
3857
8681
6853
4443
5108
2637
9479
8886
3147
5295
9589
7312
500
3740
6219
2934
5464
3760
7299
8658
9321
7371
8384
3249
6151
2239
6090
1533
3888
7509
6447
701
5744
7429
776
3102
6371
1969
5011
2826
4751
3283
1433
2801
4711
5880
2662
2384
1160
4596
5492
6616
6154
3981
6456
1491
3834
9086
7201
7211
9200
1519
4957
7829
7519
9099
5607
3613
6832
8264
2682
1779
7711
8115
7821
9127
1894
7451
6778
7052
9095
3306
3540
5714
1208
4211
1647
8446
1761
2144
3655
9457
4004
3664
9416
2410
1116
8034
5392
1537
3650
8220
2585
2212
9805
5894
4810
5221
2319
347
6967
2699
7615
5223
3303
9711
7063
8950
558
5778
5792
4874
7495
6259
2038
6770
7712
4501
4419
8305
5549
1487
8119
9265
3842
2993
1030
5498
6742
3534
4887
8820
1680
8451
269
6588
6574
2710
7326
4385
1001
445
4579
388
3444
9052
7862
991
5030
6402
2199
8279
2425
9320
7184
8325
2165
2472
2294
5694
84
4785
4386
9985
5535
7654
8155
2979
5078
361
562
5314
3756
5935
7046
5249
9486
8675
3232
3220
9462
1613
484
4337
1864
2817
4168
2395
8684
683
3124
9178
2216
6429
3921
257
1305
1329
5308
6562
214
3035
5747
6426
2963
9296
381
3461
6418
3801
5394
2211
3166
82
4302
1666
7172
1574
378
5429
8085
8663
1154
6585
8319
3426
2457
1396
8830
9498
9552
258
3712
3520
9568
7484
3749
6652
6377
9284
4331
2741
5428
4931
8561
5057
1926
9162
8500
1657
6797
7
9654
4761
9292
2116
2462
5438
3662
3947
4054
6524
6066
8323
3965
4439
196
9487
6258
974
4694
9541
5242
3642
2129
9986
9394
5599
8380
4106
110
80
506
7121
7736
173
1421
8838
6086
5347
1755
4093
7213
7543
273
8084
8585
6683
4569
3449
1374
8532
8145
1650
4007
9264
7994
1675
6068
3090
1553
6607
9470
9834
652
7944
1578
942
8359
6972
4973
9933
3922
7468
9640
8471
892
3320
5433
1810
5784
1558
1702
2760
6940
5992
6242
9733
3621
8943
4156
6527
7649
6706
3964
1203
7203
2110
2105
4230
3217
6015
7456
7990
6504
6192
6347
7864
8972
1411
5690
5708
6727
5946
8016
3826
2687
6319
2557
1572
5303
5713
2675
1288
6568
8284
5294
7409
434
986
372
1587
9896
9142
897
1333
3982
6304
3516
3838
817
5924
6095
7180
3438
9120
1804
3207
1622
8339
5586
950
8421
6427
3250
7765
9972
7918
4672
9335
3611
1418
2313
3902
2756
8143
9216
2762
1659
5265
7392
9145
5136
9025
2485
4281
3159
1972
682
3592
1645
6675
5342
7310
6928
7162
282
7573
2997
4100
2318
129
8453
6566
8981
91
4574
5335
6349
3786
9859
5013
6838
4401
3773
7597
3423
5527
6211
8466
9935
7589
6900
6623
7105
996
1147
5647
5528
6085
7596
1720
102
8476
620
4821
2082
490
1397
7280
278
6702
3523
8426
413
5707
2131
2695
8771
9346
5475
3570
1190
2083
3442
4043
7089
2551
1954
7449
9622
6181
2227
5343
2920
5350
5062
2753
8043
6353
3113
7894
3914
5856
8
608
1592
8434
3379
2447
4327
8558
393
140
7301
7296
412
3053
8645
2456
7574
5890
9758
802
9693
9969
49
2246
285
8859
7255
5375
2093
2445
3310
6748
9260
2729
3609
4272
6808
792
3076
9348
3313
663
8925
6968
4738
557
1805
8911
4673
1944
221
4635
7707
6589
7716
624
3582
8196
2580
5829
6281
6536
4929
8763
5730
3926
3128
8358
1863
9054
9218
8975
9372
7517
1072
6155
2901
8157
6241
2512
8875
2054
6669
8197
1621
2881
3696
1700
5644
1605
8440
7188
4420
880
9889
7059
9597
4600
3390
3161
176
4290
666
3550
1482
8614
395
2863
2583
3186
8888
8533
3387
4928
2367
2259
9291
3281
2348
8543
8477
1217
1618
1517
9609
4312
2346
6158
7734
5
5960
957
7907
8924
4216
3587
9618
9865
7216
4423
3859
9685
4775
4116
2855
6691
8743
4382
5811
4398
4459
356
8335
6888
4578
7322
825
7163
3510
6434
94
7579
1691
6358
9093
7349
1048
750
6149
6140
8005
4447
7796
6791
5182
3927
1516
6054
8993
9811
8238
3188
1316
9448
2666
9724
4636
7185
729
7087
1096
938
9039
3519
9
4136
8349
6230
8536
4379
5143
3547
2409
5919
1816
1724
5616
3899
4267
1819
4369
3256
5975
5112
615
6175
2596
7483
6798
9744
8314
7202
6868
5124
6790
8898
2966
8189
4974
2075
498
2300
4388
8623
5070
1236
7809
7691
3571
6635
7895
8657
3394
2076
8644
7166
8698
6927
1577
534
4648
4724
7270
6463
1430
1118
5081
9373
6997
2538
5954
9175
2546
8732
6248
57
9663
4825
5897
7622
3335
5043
3169
453
9419
3247
7348
5674
4198
2491
7320
9911
4508
838
2203
5654
5101
4941
8896
4161
618
6184
9502
7274
5820
3703
3651
9813
7677
5201
7132
4593
9306
6444
9964
1105
9023
4650
4583
8562
1155
693
8318
3382
6050
8897
924
5340
6273
7083
8707
1339
7525
8321
9919
808
8159
676
7233
6992
6425
416
7665
5025
471
2317
2342
5100
4286
2785
8430
4918
1107
4960
7150
1897
1698
6477
3495
6481
7771
7133
9350
4053
4024
1409
5543
5909
3141
9705
4357
2777
3787
7351
809
7207
8559
1146
468
2218
9068
1058
7096
999
4924
4427
2649
5967
4623
6362
6739
9230
6708
4220
9571
5994
6726
2225
7067
7097
2013
4925
1999
1248
8172
5126
4255
4221
7808
9319
194
2771
2976
3193
3586
9143
8928
7747
5089
846
4050
7775
5006
6460
9021
6210
3804
5930
9276
1718
3942
2385
8124
6435
1484
7231
6962
4276
9406
973
4120
2468
6920
9567
6860
5629
6854
840
6730
5682
3475
731
7236
9715
9639
439
1436
4159
519
4233
8468
7465
3472
6322
1327
5642
1242
9490
8840
4713
9368
5891
7892
1672
8959
8261
3984
2718
2322
4779
245
4891
5988
894
9602
9858
1528
6373
2891
6018
6909
8348
2221
8180
919
589
7352
2084
1534
6001
9750
6424
9410
8035
8363
9707
5539
2023
2983
7250
7738
3183
626
1185
3145
3844
464
1833
7422
730
7825
722
5427
181
5934
8652
8795
4463
189
5643
3685
1935
1120
4257
1467
8910
1825
7924
2253
2421
3307
4789
443
6164
5310
2316
1907
1589
7227
9107
9429
9088
1851
4376
4894
9563
7478
30
4489
1485
3150
8070
7773
7778
6622
2954
44
3903
8262
4367
4570
1786
8973
6337
4173
1809
5481
3682
9866
4914
1448
2446
7366
5663
3430
7294
9242
7880
8721
5796
279
3877
7085
7060
9049
6105
4130
9227
4521
6890
2561
1543
8033
3809
1889
2704
8759
1582
2118
8520
9212
5453
544
6754
2588
4758
9546
2568
9509
9792
151
9117
7332
6564
662
4412
1476
4085
3999
6293
889
5318
9337
2714
2285
3503
70
3970
6029
2632
9670
5323
7910
2507
1036
6700
3230
7530
653
7004
7181
5405
2857
2207
6414
8941
5581
8146
9483
2181
855
3020
1386
1716
2816
7040
5936
4868
8847
8768
6996
9147
7279
2451
7436
5309
3297
2722
2128
6071
4564
1015
5195
5455
9309
7624
383
9565
4771
1641
4822
8509
773
1081
5874
5799
6122
4995
6182
7485
8092
5306
2933
73
3302
6491
2209
9484
7792
2986
3768
6058
520
2803
2109
4478
486
3059
6375
4618
4706
1165
8818
4543
5834
7839
4030
2643
6935
4471
2115
8948
8906
981
5351
9731
9887
7556
6960
1269
7722
4336
8271
1346
7695
4852
3378
5519
3569
7143
2341
2562
4895
2853
1469
4951
4529
9918
8081
7376
8199
8229
4241
2201
1039
6945
5985
8714
9627
3276
1075
4717
4350
3725
3566
5406
8178
6519
9226
9215
1462
887
3458
4755
9154
6859
1214
8378
8615
3406
1943
7139
5553
7356
4012
7513
9351
1892
5074
2516
4449
5538
8060
1114
2041
3067
6807
3361
4704
4224
2352
4621
78
1598
7888
9869
3530
8402
4335
6930
2668
2414
9153
6401
6503
6760
9532
7095
3781
7249
6295
3395
6901
4976
1638
7426
3315
9434
3624
6449
5344
9504
7807
8480
7675
8387
6005
7875
7418
8641
7952
8445
7945
8439
7874
8110
9336
1877
7033
4380
7973
8354
2685
1532
2210
3179
9190
152
5547
6656
3488
4538
7142
3055
9745
2345
2280
243
9700
223
1453
2825
4580
9130
4238
3216
5264
4614
1616
1368
2878
3895
8397
1921
59
3187
5374
8338
7355
680
9924
4602
2576
3142
6411
9239
2926
4200
8162
4308
580
5656
8312
9688
7600
2827
9892
5584
8593
5670
3996
7923
2711
17
896
3713
2573
1167
2250
1034
3455
4743
5977
6668
3355
1576
3353
6666
6898
5683
2426
9584
2400
7817
5705
87
9074
6613
5692
5178
6392
1625
4392
2391
3543
9888
6101
545
136
1232
6633
4757
3409
415
9662
1766
6501
5180
451
6810
431
2394
2765
8502
6021
6416
585
6918
5641
7090
6956
4486
785
1174
2092
4165
4481
6866
267
4197
9225
9763
8068
9876
554
5766
3564
5334
2609
5773
1102
1326
4697
8177
2257
5036
9729
816
674
4982
9765
8618
1963
3704
7902
4487
9408
2402
8458
1130
4613
308
3714
5161
6127
4005
5423
551
4815
3596
2835
868
9451
7656
5650
6896
6946
4915
1942
6035
3066
7870
5384
7266
4595
6826
2336
3527
379
4770
1767
2708
872
6653
6278
8889
3775
5931
3052
2033
2978
5266
6049
1758
6010
7195
3989
5336
2047
2751
5563
528
7258
8865
9566
7298
3265
3668
9720
4339
4057
2175
2268
6063
8649
4625
6300
1562
8170
2139
7158
7261
2396
3209
6913
3940
1827
8234
1294
7753
7470
5850
8810
1446
8474
960
2438
2908
6557
9211
933
7414
4320
8452
1137
9468
9308
1839
4765
2992
2865
8443
1937
6543
9909
586
61
8381
8656
437
4183
790
2334
2347
1984
6306
6400
3138
7733
1856
3075
874
2858
3498
1570
6640
9202
9816
9872
5075
3845
2544
4155
5296
2003
8576
3386
8596
7245
1158
8414
5672
6663
8702
3245
3045
5468
2381
2898
8767
7581
7325
1846
224
6057
6579
8601
5610
3146
6436
8637
1939
9159
296
8123
8748
7507
7064
8834
7515
1992
1320
1450
9631
5279
8798
635
7253
9427
8101
2522
2208
2818
2363
7192
2607
1395
5130
929
7183
9937
866
9847
4647
4878
8098
9593
7801
1373
5633
6664
8042
1287
3431
5466
1931
6957
6462
8960
1383
2560
253
650
488
1444
9238
2543
4397
5333
7847
5469
1912
6070
7502
9635
8517
1985
4274
3836
4898
8467
6357
2590
5059
7057
5127
6345
1744
6148
1051
4817
9024
2949
5531
9298
5388
7038
271
5849
1358
8109
4134
9167
4881
6132
8535
477
3110
7605
8860
1064
7354
1901
7277
8138
2984
116
5808
839
5056
6152
6560
2923
7267
5806
133
9874
9882
4733
3292
3082
2493
6466
208
9893
7125
7863
8719
9941
2613
5870
9506
2587
3304
1556
6885
5390
7985
864
1101
4119
7921
7303
5956
4498
7627
8340
5399
1843
7103
6578
5637
1246
452
1614
6450
6325
1392
2478
4390
5807
9458
1705
3144
1317
9810
7927
4839
8691
508
3157
3206
3594
310
4366
8370
1267
9625
837
7080
2452
323
9411
2886
827
5159
908
2439
9680
5695
1405
4803
2088
3745
9712
4989
3196
7812
7960
7113
9514
749
9339
2053
8900
3385
2955
4151
408
9011
5885
1649
5797
4364
6163
3574
9349
2190
2049
1652
9615
465
9193
345
8362
6428
1745
6458
2915
875
2958
2098
3742
9366
4760
8375
6599
6464
9134
5152
6541
885
5871
3350
8267
4072
2999
1379
4899
6298
4541
5069
1536
1607
9387
5132
1449
9767
4685
4531
3439
7199
9428
397
7013
6316
4210
5504
878
9323
6747
5041
3060
1092
2511
4472
5818
5788
3254
3959
5125
5079
9274
3040
5271
7041
5341
3797
316
1890
3853
251
4445
7292
1632
5843
5191
2701
6608
3117
8231
4084
8725
9158
1951
1612
4234
7223
1451
1407
4031
1728
2029
4081
7273
7996
4518
3341
1061
681
4842
1957
9378
6799
4657
8241
4334
2970
1706
4576
7144
8689
6932
5669
4362
2307
4291
9119
4773
2911
1694
1206
3678
6245
1732
6265
8589
4632
3890
2130
3684
2605
9837
705
7609
7610
1337
1260
3
8117
1297
3352
3949
727
3553
5425
5131
155
3889
2884
2254
4358
2233
2784
7584
209
1069
7027
3983
1131
3556
2634
6582
3792
2386
7501
5725
8905
6502
8630
3763
105
9586
364
6052
8486
8195
5606
2521
6610
1128
4863
7019
4259
7651
3557
9037
7295
9177
6912
8519
261
1301
6921
1818
333
1115
7612
403
2633
2617
1946
9601
9435
2469
4572
5474
5628
1157
9894
6120
2001
9842
4289
470
1911
2242
4191
3273
853
6917
788
8221
6689
584
8992
1548
687
4016
9066
3514
6309
8215
9106
6794
4936
1492
3290
8010
4048
74
3184
5911
1099
4835
7663
9786
8386
2157
1953
4342
2306
6327
7586
4902
759
2842
34
8901
6109
3765
3285
7117
3329
1811
4006
4164
8833
1300
8203
744
7021
4470
8523
6365
69
9521
8697
3291
7440
3761
5569
3794
2690
4122
1070
1840
7039
6009
5869
7737
4921
3893
2184
4533
5554
3555
7599
3312
4013
1624
2594
4869
8428
4264
5278
7179
6818
77
4787
2065
5435
125
6603
6387
5179
5959
4235
888
8444
4414
8667
4690
7061
4512
4381
4157
6759
5812
4415
4540
7421
8393
6250
3692
2042
4559
588
1527
966
5996
8122
5417
1481
1915
6213
4245
3648
3405
9114
4189
300
3975
2959
5552
4671
6563
2654
6801
9885
2689
6166
2140
3969
5095
8255
1778
8072
9460
3443
9057
2277
5443
5893
8104
480
1428
4143
7053
9598
883
7198
6430
7194
7745
2581
351
3577
466
779
6583
9454
5083
6391
2412
969
5726
3034
905
5595
6849
6565
6667
3192
2404
7110
3484
5317
8484
4841
7050
7685
5536
9432
2428
2476
2904
9591
9647
634
7156
8821
405
1993
8160
1342
1098
7777
2080
6284
2851
9169
1932
5267
6593
3419
4488
2542
3004
3248
6961
3301
3690
1799
4720
9034
4912
5194
8334
5482
7084
2122
9649
8814
3575
284
9343
4687
7036
7802
2968
7390
1643
487
6469
1787
2973
3178
76
1800
2554
1898
5197
8908
4283
4377
7770
5638
9988
1183
5534
9659
5662
9619
8880
2894
9817
293
5905
8870
9102
8873
5027
576
7454
9674
4804
6611
4204
4450
2848
6695
7661
8171
8749
9954
4516
1404
2956
5407
3784
6275
6884
7026
3433
1198
2051
9192
5951
9875
3659
1509
327
8232
4162
1608
8527
7066
3536
5740
225
9681
2355
5153
5241
8945
2095
9824
7941
5385
8331
7482
5844
4293
1344
5970
7828
570
8415
9658
7220
3967
6338
970
5814
8731
199
9489
9932
907
2674
6499
3453
7914
1594
9945
9947
3686
9038
4548
2202
9203
55
7527
9832
7968
8281
2570
3330
164
9164
2883
5657
7178
4786
6995
6506
9528
3856
9736
4631
932
7074
9422
5416
3073
6255
879
9678
8419
5852
7885
5183
3269
1334
8410
68
5113
6869
15
4101
177
9028
5007
5624
1603
9897
9089
1277
8418
5445
7964
936
5777
4806
9374
420
5824
1988
567
1452
1737
2942
5863
9005
7447
3737
7628
6128
4660
8317
2639
2264
1258
5681
8278
4284
2781
8003
4728
6065
6134
8515
8022
2869
6442
9886
1974
97
9473
1793
8868
9752
2528
2192
7562
6542
8494
2036
2180
4215
8620
6782
967
8806
7826
5229
5509
2113
5091
704
799
2550
4273
4474
7837
2731
6941
8059
1417
7069
2349
9524
6923
3243
9104
9556
167
7979
353
6208
8789
4278
2564
2868
9513
1710
3087
9579
5559
3502
9554
6247
4777
1235
5621
4670
1456
822
1597
8328
2354
5138
3492
5990
18
9849
743
2502
1272
3828
6118
6333
5754
1873
2519
1195
6420
8014
4744
968
1979
8304
3323
2057
7342
579
8324
4033
813
8470
8651
6222
3604
4088
9574
2953
3396
7407
6129
1579
1523
4008
9213
4896
5685
1023
8545
7444
5365
8100
7638
7450
4630
5608
185
715
6277
8835
7552
128
2430
9906
6067
4705
9576
3643
1967
7237
4677
9868
9103
7590
6111
2066
1535
7051
3044
7114
7799
1182
4712
734
7891
4686
3885
2677
7518
5499
8401
6546
2805
3667
2467
4708
873
5026
8420
6533
1336
3807
1789
4387
2245
256
3293
7417
2289
4855
2724
631
4615
7790
3719
7767
8688
5147
4655
2547
2309
3884
4710
2593
5064
9738
9247
2515
479
8274
2440
332
108
9940
9999
6078
3645
7545
5749
4905
9993
9140
6433
43
3537
8495
6441
1129
762
3707
6385
6892
3639
8040
1256
8482
1427
559
3280
719
1027
7126
270
6963
9417
871
5039
7889
202
2103
8436
9055
3953
7420
7522
2849
6629
1148
2461
6507
5883
9285
6936
5704
1741
8168
6953
7785
2026
1455
2235
3595
770
2111
9511
8512
9683
1032
7221
8660
5822
6722
2058
9938
7399
2635
5719
9540
5395
7637
8867
4015
6944
8091
7852
8956
3384
144
4373
5706
972
5718
1498
6914
1595
7725
23
7045
7618
6313
9219
638
9413
3451
4444
7099
6597
7151
2749
8989
191
9543
4074
5944
7130
5658
9467
2918
5320
2169
3152
1029
5458
2434
3427
9807
1228
6602
2658
5290
1441
9671
5671
9480
8934
9549
5117
3863
3266
964
9375
5698
599
7297
4768
8909
1350
617
9550
9968
1668
3436
5516
1690
2278
5572
7868
2652
1493
8969
6897
5257
4080
1321
5436
4939
818
4128
4125
5912
6407
9358
5373
5222
8862
6947
1480
2153
2420
4306
6882
6193
8883
3478
6497
8219
7658
4850
8580
9392
3109
5151
861
2651
7140
9463
1
8918
5737
5235
1971
2647
8121
5701
6267
7049
5997
4938
4069
8591
12
1998
6315
8808
8244
6307
9774
5456
8194
7246
4192
2733
6252
1749
8226
577
1876
3311
3499
8720
5206
1862
9496
4440
804
1507
2513
3239
4639
8006
890
9310
5061
7772
9229
2197
1658
1426
4626
2007
6023
4952
4612
5239
29
8711
9183
6717
1040
4026
143
7452
3694
5502
4585
2229
696
2379
3515
8489
1233
9436
2270
2885
6116
96
8192
8755
6153
9001
2725
1303
9561
9845
4526
6908
6026
145
366
2921
8751
9928
9748
5338
8764
4867
5148
5942
9008
4515
9053
1547
1094
8574
6684
4480
9022
2669
8311
4321
4749
2584
40
2582
9587
1296
5080
2836
2745
8152
2364
1454
2705
8737
3473
8510
2473
4790
2529
5651
6180
2531
4322
9459
4018
3450
6483
6934
2571
2443
2640
9956
9370
3539
7751
4703
5273
8575
157
9381
8167
2043
8176
7353
187
3977
3753
8694
2435
9138
3721
6696
3946
7341
1933
7481
7268
6321
8374
6168
7693
5786
2189
2119
3474
1822
1832
1226
757
7650
5764
6453
2552
3048
775
4892
4856
7486
5596
9495
512
8624
4172
604
5598
7291
859
6848
9925
5430
7073
7315
3625
699
8423
3874
9340
7560
1377
7071
230
7867
4217
1514
965
5038
9186
9850
8497
7860
7284
5214
9174
5114
1635
2969
7393
46
5044
9243
4916
1685
4958
3097
5244
6088
4699
1324
2390
5329
3364
3211
124
2163
9485
2040
8263
6724
7922
5170
5591
5609
6185
7906
5149
382
9386
6196
7521
3518
9690
7159
6677
899
9079
2368
2004
7128
3344
1299
4956
6218
3766
777
3058
6291
2325
1489
6485
3194
7561
9110
2002
669
6279
8276
2399
9097
5978
81
1774
9973
9376
8524
4524
1875
7984
8265
7070
8666
1722
9176
1460
9266
1802
1826
2910
4644
4674
1752
7869
8625
3098
8829
533
4542
3796
2183
4384
4212
8029
8382
9984
902
5825
6942
2020
1888
1936
8164
1302
2291
7152
5703
8217
6115
1669
8866
5326
3107
3421
2846
5932
5896
3372
7639
8343
4477
3094
1415
7314
5892
9784
6809
179
6061
7626
7017
9582
711
1225
9578
4545
344
1880
9709
9525
9369
2653
244
2657
216
2477
3171
6047
6705
2086
8804
4681
2655
5162
229
1704
998
5945
2938
7976
7929
3814
8076
3850
3632
3164
7640
313
8605
8607
6467
1754
1740
537
2482
7362
3235
9791
632
9488
5738
2525
4021
3271
7971
9740
8307
4665
7635
4634
9854
4517
2466
9051
5440
7462
118
1340
6344
8346
2604
1683
6188
236
9684
2991
1104
6841
6146
1071
8770
2234
7499
8599
363
8760
7460
513
9115
6605
3880
502
9717
8404
5337
9461
491
5251
5330
8075
2100
3139
6813
4942
3972
9516
5511
5255
7674
6007
3259
3126
565
5045
5104
9818
940
1355
7523
6251
4620
6077
7564
8518
2975
845
4888
52
2090
2864
2079
3722
5927
7708
6614
1886
1220
9393
8715
5920
6020
4854
1593
3654
9517
1210
9124
8111
5794
2873
3908
2789
8626
6500
2726
9585
4560
9494
1609
8704
8647
1571
3070
3042
9195
66
2597
5512
8135
5659
8994
5979
8549
2014
6053
3731
2261
870
2631
9923
9544
5785
4582
8294
4792
4523
4258
3428
2161
5383
2273
989
7347
9769
3343
9812
4218
3233
6508
2324
7234
8685
4244
8682
5576
3340
5105
5855
4534
5060
1369
9061
6092
1925
5177
2298
3997
2914
2159
5051
5768
1930
6195
7853
6580
7662
7846
1332
9232
3691
9878
6711
1850
2214
6246
2981
1563
3955
3812
8408
233
5520
2612
6119
1725
4872
884
3750
1171
5457
5973
4022
9385
5734
3663
9929
3533
5110
2224
2897
3825
4201
7313
1679
1403
7781
5900
5366
1408
7611
3963
4509
7205
7003
510
1285
5622
4160
249
2358
2237
6024
9725
1539
3479
5250
4193
455
9667
9802
8902
6335
6106
126
9297
2292
6256
2303
218
8592
7448
7642
4396
6958
5389
7400
5631
4032
943
7088
8351
3579
3085
7694
8269
1684
3062
7534
4848
6283
4627
756
1250
5096
8210
4195
3777
1156
9948
5556
856
6017
8903
6863
8270
6367
9570
8097
9716
423
3504
1719
5088
1209
1868
4131
6440
6528
8077
737
5312
2960
5321
158
2369
7240
4859
1670
8772
1664
6408
5137
6515
5415
1274
7167
7608
4551
1695
326
1511
8736
6160
5118
7587
86
4838
1899
6209
7092
5281
5135
4394
8754
5876
7308
21
1188
6716
3862
1619
613
1278
685
163
3123
182
7713
7505
959
6191
4092
9991
362
8521
5611
4875
3573
5156
3200
5845
122
2532
3348
8967
6883
7604
1432
1676
206
679
5292
8001
656
8204
590
6117
1307
1284
306
3666
7257
823
8099
3560
597
3941
7730
8253
1689
9128
7432
8432
4558
8846
7383
5145
193
2495
9633
5447
8724
4460
4458
8980
3244
5941
7719
9515
6816
3868
7833
7569
6025
3219
210
9078
3299
4698
707
1410
5902
4219
4680
851
4265
3267
8680
8360
9895
5293
9360
9642
5542
401
1631
3618
5163
6229
5237
9499
2977
6975
9841
6779
4586
8706
5467
7193
3590
8058
1018
6638
7818
6317
390
5772
4034
5886
4641
4645
5781
307
438
3583
3700
5668
6978
2436
9121
3319
7794
6383
9141
9806
5494
6075
3572
1861
4025
5540
7735
2170
37
4103
1168
507
5304
7075
7537
6087
2618
2948
9256
4511
7697
2377
3158
3548
1941
3521
9537
3078
8979
1106
928
6518
9560
8332
5575
1713
7692
3274
2009
231
5729
1138
5733
8079
8427
1567
63
8303
7912
661
686
2702
7616
5259
9628
2097
3162
5710
7058
9773
6431
5181
746
6476
8662
5462
2288
3506
1363
2444
3354
2932
6736
6678
350
8595
8947
5815
4983
1522
4442
2196
172
4231
1896
2792
1891
8345
9315
9384
226
7387
1748
27
2465
8728
2822
9967
503
7379
8893
698
8998
4247
7947
1569
2995
5748
3995
7629
8849
9196
2721
3598
7717
8227
331
1860
4659
449
9804
7146
198
6634
2802
8958
1356
8008
5471
8805
3608
6378
591
6480
1852
1238
5819
1542
1961
5234
2010
2431
3448
8617
9931
6746
5736
5884
4987
8718
5964
914
7987
7187
2215
2717
9608
5263
552
5287
2684
4170
7633
796
9456
4947
45
7728
4836
5200
1251
6523
4163
3095
3869
9234
5639
7702
1545
9801
9160
5246
1008
1510
1080
7980
8108
429
4624
3381
4424
3033
3294
4528
4139
3605
9907
814
6173
985
5243
2012
3136
6369
2706
7480
7238
6495
540
8191
1803
1845
4857
8083
3580
3631
4917
5146
2716
8529
778
4679
2213
3108
1566
3464
2559
7434
9113
5073
3376
7838
8812
2638
7811
9080
246
3870
4886
7655
6571
1108
4998
9603
7951
7350
1086
5254
1596
5102
5454
4683
2799
821
8927
9523
2492
6326
5962
9027
6785
9430
9531
9286
8855
7244
8287
2603
1508
5139
1502
2778
8150
555
1033
8433
5831
2136
8235
4959
8547
8342
8692
6766
3500
9098
6124
4457
4937
7766
8148
8987
6244
6439
8744
2735
4355
8723
6004
252
8961
1100
660
535
25
8073
5937
4317
4305
3025
4064
5828
1960
736
7845
5380
1735
4818
3973
8939
6537
7015
7242
1781
5953
4788
6030
603
7872
9507
2147
2541
9059
3771
5604
2061
1259
7104
6016
7583
4468
3701
8858
2530
949
8169
5327
3156
4482
1973
1867
8784
9772
8352
6130
7335
8584
7365
6567
8957
5021
8020
2871
7806
5496
913
2380
1759
4253
5903
9353
5774
2847
5678
9936
4187
2985
1717
7155
8676
1994
3367
3635
2072
2062
6983
3321
5484
5508
277
9418
6123
980
3176
263
741
9109
4448
6034
9519
3738
7526
1162
4352
5769
6131
7955
9884
9564
4845
5189
6112
1494
6177
3683
7983
4889
5981
7161
5826
6399
3628
1366
6170
2228
3205
4975
9963
6520
8475
2388
248
9721
3978
7905
7909
2376
6091
4249
1211
6224
6872
7186
946
8024
150
2856
5431
2667
26
9240
71
2382
9333
4454
1512
36
9838
5746
4767
3125
5702
5218
6636
758
1399
8353
9666
435
2091
2697
8273
6253
5086
7293
205
3803
6802
6254
6473
2374
4214
3855
3716
6880
2019
7841
7937
3998
4296
6670
5603
213
4539
4554
7265
92
7009
3906
8942
5545
2423
8788
430
132
9237
5488
7487
1142
5653
1263
1628
6257
5042
8713
4828
1707
4044
4774
1169
612
6824
207
8153
6198
9636
9056
2602
2952
7882
926
3154
6680
4923
9258
2219
8815
1841
7884
6056
1215
9414
4950
7913
807
1067
3727
5014
3799
3296
9760
2659
8672
8052
4248
1870
9879
1812
4371
1074
4058
5009
8639
1859
8399
2089
7798
4943
4096
8239
6587
3028
1249
2998
7533
3892
6733
4118
1076
628
4890
8809
5398
387
4988
7540
8417
1127
9787
2919
2145
1557
5331
7602
2902
6631
422
911
4066
4913
1059
2888
1760
8114
9819
4365
8182
8501
3851
5316
7324
6110
2056
6576
2536
2267
1166
5758
7529
695
8365
7942
4154
7981
5284
4610
7020
9726
9279
5830
338
299
7991
6806
2743
1834
1903
3237
8587
5357
1929
8478
7619
5614
5053
2740
8350
4638
7404
1273
6517
4180
5666
1123
1908
3670
6555
9739
7779
9156
5028
9808
1004
9201
8190
2290
3831
572
3993
4843
9776
6379
8066
2198
4932
2787
9777
8953
2498
9326
7262
637
7082
1808
8036
7742
2006
5693
8813
5680
8817
6311
9781
4745
3392
8878
2106
1119
2308
9664
8405
24
98
1982
3904
4662
7176
9626
4370
8632
7034
5888
3979
596
815
7467
2087
9960
2862
3118
2510
3936
1012
4992
22
4911
3411
4428
8230
678
6263
9689
4110
9171
5859
4047
6064
6970
7614
1213
573
2962
7500
6348
4497
9624
1026
906
4546
3014
8971
543
1384
3036
6904
1711
9902
7309
478
3912
1611
6831
2533
1311
6842
4922
2141
6187
5573
826
2798
835
9916
9728
9209
1471
8554
5980
7970
7225
930
2614
4844
9214
4800
633
1490
2052
7006
7190
5521
716
9330
7248
6342
7516
4150
9751
6069
3966
1824
5551
1814
6468
6352
7445
1976
8400
2748
8588
7028
5187
8590
7123
2069
3882
6783
3351
5300
5998
4702
753
7232
9698
8917
9070
6204
3462
7683
149
781
6621
4246
6654
7239
4182
1709
4565
961
222
5514
8964
2501
8259
2178
1667
2727
7896
8054
8485
8976
8699
